Cost-of-living crisis: one in five parents spend less on books for their children
The cost of living crisis is showing no sign of slowing down #FoodSOS
Minimum wage to rise to £10.50 an hour for public sector workers in Scotland
Analysis: The government’s latest cost of living deals leave much to be desired
Fears for increase in harmful gambling among women as cost of living bites
"Cost of living payments: who qualifies, when is it paid and what do you get?"
Dutch minimum wage rise brings limited respite for low earners
"Strikes are integral to defying cost-of-living crisis, hears Glasto's Left Field stage"
"Drought will push up prices and make cost of living crisis even worse, experts warn"
Cost of living help
"Act on cost-of-living crisis or squander GDP growth, TUC warns"
We tell you what the tax benefits are for people over 65 years old :backhand_index_pointing_down_medium-light_skin_tone:
Asthma attacks in more than 1m people linked to UK cost of living rationing
Tell us: share your experience of the cost of living crisis in the UK
Devon pub offers free hot drinks and warmth amid cost of living crisis
Keir Starmer’s ludicrous cost-of-living plan will benefit the rich the most | @DrDavidJeffery
"""This investment will reduce fares, support the cost of living, and create new jobs for people by enhancing bus services and lowering the cost of travel"""
Minimum wage date for second raise
Revaluation of social benefits in the wake of inflation
Minimum wage is set
Minimum wage response from Fatih Altayli
Blackburn's Issa brothers' EG on track despite cost of living hit
Cost of living: Thousands will miss out on £650 cash boost this week
What's the minimum wage in 2022?
"Over 40 million targeted by scams during cost of living crisis with fraud rising 14% in a year

:right_arrow: The cost of living crisis results in more and more consumers facing increasing levels of vulnerability, experts say"
Minimum wage message from Minister Bilgin
UK retailers hit by footfall decline amid cost of living squeeze
"Minimum wage, retirement, unemployment..."
"IGA published the report of Istanbul Airport ""Social benefits of investment"""
"Minimum wage workers, watch out!"
"Scammers set to target the vulnerable during cost-of-living crisis, warns @LexisNexisRisk 
#AD @LexisNexisRisk #fraud #technology #compliance"
More than eight million financially strained in cost-of-living crisis – report
"Big Issue seller numbers up due to cost-of-living pressures, says founder"
"Cost of living squeeze expected to hit benefit claimants the hardest.

""Maintaining the £20-a-week uplift will go a long way towards easing the coming cost-of-living squeeze for millions of families""

#CancelTheCut #KeepTheLifeline
#energyprices"
That's the minimum wage rate! 2022 will be the first year for a minimum wage...
VAT cut ‘proposed by Downing Street to ease cost of living squeeze’
How to cope with the rising cost of living as energy price cap jumps
£650 cost of living payments for households on benefits will start to arrive from 14 July
"'I've spent £3k stockpiling for the cost of living crisis, I'm called selfish'"
Economic growth in the euro area higher than expected
Cost of living: Asda is rationing items shoppers can buy from Just Essentials range
:blue_circle: Rishi Sunak has blamed a “complicated” IT system for not raising welfare benefits to shield the most vulnerable from the cost-of-living crisis
Minimum wage declaration from Minister Vedat Bilgin: We will implement minimum wage regulation in July
Nationwide warns of unequal impact of cost of living crisis
Minimum wage declaration from Minister Bilgin
"'My £15bn will help ease the cost of living crisis but we must prioritise economic growth over state handouts,' says Rishi Sunak"
Martin Lewis shuts down energy meter 'conspiracy theory' amid cost of living crisis
Updated guidance on the Pensioner Cost of Living Payment has been released
China signals it could miss economic growth target
Currys says more customers using credit in cost of living crunch
The alerts come as the cost of living crisis continues to cause anxiety.
"Building renovations, Superbonus, furniture, water and gardens: the tax benefits for the house that remain in force for 2023"
Tell us: share your experience of the cost of living crisis in the UK
The State Duma introduced a bill that proposes to increase the minimum wage to 30 thousand rubles from 1 January 2023. It's necessary to lift Russians out of poverty and ensure an acceptable standard of living under sanctions.
Editorial: The cost of living crisis will become the monarchy’s biggest challenge
Landtag: Best strategy for more affordable housing
Drivers praise Halfords for cost of living gesture at every UK store
German reveals exciting data on private-sector social security benefits.
"Journalists: Will higher economic growth stop government cuts?

#estonia"
Cost of living: Sunak pledges to cut £5.5bn in 'wasteful' government spending
Tory politicians do minimum wage jobs in provocative #Waterloo mural
Requests for more affordable housing in Hesse
William and Kate will visit a number of organisations which focus on mental health and affordable housing.
"Increase benefits to help deal with cost-of-living squeeze, says IFS"
You could miss out on the cost of living payment
Inflationary impact on minimum wage: How much will the minimum wage increase in July?
"Virgin Money is giving thousands of staff £1,000 cost of living bonus"
Costly electoralism with the minimum wage
"ICYMI – creativity key to successful wave period amid cost of living crisis, agents tell TTG"
UK turbocharges defence with £16million investment in revolutionary technology
Truss points the finger of blame for failed economic growth plan
Darlington families struggling amid cost of living crisis
Sixty-three-year-old jobseeker forced to make 250km round trip to keep welfare benefits
Bradford cat rescues on cost of living crisis and soaring vet bills
Editor’s Letter: War in Ukraine will inflame the cost of living crisis
"Inflation in the eurozone has weakened at the beginning of the year, while it has risen in Austria."
How is the rising cost of living affecting you?
Benefits of social benefits for companies and employees.
Minimum wage call from CHP
Bradfordians could receive £110 cost of living payment from DWP fund
Escape from work and insistent welfare: there is no growth without happiness (by M. Atturo)
Street votes on England planning rules ‘will not increase affordable housing’
"@fleetstreetfox @danbloom1 @danbloom1: ""The minimum wage is going up, but it's still a question of whether that's enough"""
NatWest doubles profits but says outlook is clouded by cost of living crisis
Smart meter: Google launches eco energy trials as cost of living crisis grips nation
Tips and tricks to save money as the cost of living rises
Michael Gove warns ‘tough times ahead’ as cost of living crisis worsens
Council tax rise to be cancelled out by cost of living payment
Hanover: Couple allegedly collecting welfare benefits for a deceased
Chernyshenko revealed details of the technology entrepreneurship initiative
"Although the rate of increase is higher, the minimum wage is not enough in the face of the cost of living, even though it is raised twice a year."
Builders warn of lack of affordable housing
Minimum wage in CHP municipalities announced
Cost of living: Thousands of students using food banks
Millions to receive extra money to help cover rising cost of living
Cost of living: 5 tips on how to cut down pet care costs
Now I see the minimum wage
What's the minimum wage? - Turkish Ministry of Education Secretary Nazmi Irgat is making a statement...
Additional details for $ 250 million from Digital Currency Group ▼
In May 2022: Raising the minimum wage to EUR 713 - How benefits are adjusted
White Arkitekter completes 52-home affordable housing scheme in Barking
"Guardian front page, Thursday March 2022: Cost of living surges: and Sunak squeezes poorest"
National minimum wage set to rise in months - check how much you'll be getting
Increase in demand for pensioners: The gap between minimum wage and minimum wage rises
Eurozone: Inflation weakening more than expected
It comes as Brits struggle with the cost of living crisis
Burnley Council hikes fees and creates own cost of living fund
"#Corporate welfare, a resource for the"
:small_blue_diamond: The Minimum Wage Review Commission will meet tomorrow to discuss the interim rate for the minimum wage :pushpin: What is the minimum wage figure? Here are the details...
Thousands of households can apply for £500 cost of living loan
More than 6m people with disabilities to start receiving £150 cost of living payment
Details of employment opportunities in the Ministry of Education
Cost of living: Sainsbury's to increase pay and offer free food to staff
How to cope with the rising cost of living
German gambler demands minimum wage
Keir Starmer: Labour will fight next election on economic growth
More family welfare to boost the economy: 10 proposals from Cerved
Key planning document 'could correct historic wrongs' on affordable housing
Cost of living: Petition to extend £650 support payment hits milestone
"OPINION | Croatia will become the newest member of the eurozone. However, many in the country are skeptical of the European currency."
"Calculations have changed on minimum wage! New ratios have emerged, additional growth and welfare share details..."
Cost of living crisis: Tesco unveils reduced to clear section
Parliament debates affordable housing and climate protection
Editorial: War and the cost of living crisis must not distract from climate targets
Frontline workers: how has the cost of living crisis affected your work?
UK economy grows 0.5% in May despite cost of living crisis – business live
"Iceland launches new value range to help households with cost of living crisis. 

[THREAD] :thread:"
Butlin’s helps to beat the cost of living crisis with breaks from £49
"The first roundtable with and interviewing #GiordanoLombardo, Founder, CEO and co-Chief Investment Officer at #PlenisferInvestments and #AlessandroFugnoli, Investment Strategist at #Kairos Partners"
Denmark proposes migrants work 37 hours a week to earn welfare benefits
"Cost of living crisis drastically altering Briton's spending habits, new analysis shows"
Government accused of cost-of-living ‘spin’ after £20m publicity campaign revealed
":cross_mark: Traditional excursions to theatres or sports events 'likely to go out of the window' amid soaring cost of living, education leaders warn"
"Jeremy Hunt announces new £900 cost of living payment - are you eligible?



#JeremyHunt #costoflivingpayment"
<unk>The investment fund of the UAE Mubadala Investment Company will suspend investments in Russia
Minimum wage will affect many accounts
"All benefits, pension and cost of living payments coming in March"
Sporting clubs threaten to end tax benefits
Follow the latest on the cost of living crisis :backhand_index_pointing_down:
"Minister of National Education Mahmut Özer: We will provide students of 9, 10, 11th grade with minimum wage"
"Tanzania's president approved a nearly 25-percent increase in the minimum wage, marking a departure from the policies of her autocratic predecessor amid protests about the high cost of living"
Russian education needs standards for entrepreneurship
Scottish Government urges people to check for unclaimed money to help with cost of living
Summer tourism brightens eurozone economy but cost of living crisis casts shadow
How will the new minimum wage be set? Is there a welfare share and an extra boost? Here are the accounts...
Austria: Mummifies mother to get social benefits
What @RishiSunak said about the North East cost of living crisis on Darlington visit
DWP cost of living payment dates confirmed for November
Zara’s owner reports surging sales despite cost of living pressures
Cost of living: RAC warn UK fuel prices will hit £2 per litre
"Cost of renting jumps at record, adding more pressure to cost of living crisis"
Anas Sarwar insists Scottish Government has 'moral duty' to tackle cost of living crisis
Earby pub cuts hours to save on energy amid cost of living crisis
Traveling with corporate welfare: how to make the most of a good holiday
Kevin McCloud shuts down Jon Kay over 'expensive' #GrandDesigns during cost of living crisis
Government approved lists of materials and electronics for tax benefits
Britons struggling with cost of living say they need help from new government now
"'My £15bn will help ease the cost of living crisis but we must prioritise economic growth over state handouts,' says @RishiSunak"
Tesco shoppers hound worker with discount bin as customers slam cost of living crisis
"Households face cost-of-living ‘catastrophe’ in 2022 with £1,200 hole in budgets"
#BREAKING Eurozone economic growth slows in May: PMI data
DWP rejects call to give people on DLA £650 cost of living payment
"""Businessmen needing to pack up"". Ahnosh urges contractors to comply with taxation and investment to provide employment opportunities."
White Arkitekter completes 52-home affordable housing scheme in Barking
When £650 cost of living help arrives and other key dates
Scots benefits claimants to receive cost of living cash boost in spring
New lawyer minimum wage rate approved
Minimum wage increase from Kılıçdaroğlu
"Minimum Wage, Official and Retirement Period President Erdoğan: We will bring the continuation of work from the minimum wage increase to the official and retired salary. In July, we've got the inflation differential and the welfare rate."
Australia news live updates: decision due on lifting minimum wage; Albanese takes cabinet to Queensland
"Cost-of-living ‘hangover’ will last years, charity warns"
The European minimum wage in proceedings
The way to apply for the Giza County Recruitment Meeting... Employment opportunities with insurance benefits
Protected containment system. Increased time for corporate tax benefits
Millions on Universal Credit and other benefits will receive a £324 cost-of-living payment from the Government soon.
DWP confirms no plans to provide additional cost of living cash support for people on disability benefits
Frontline workers: how has the cost of living crisis affected your work?
"""Twelve euros #minimum wage means ten million. Employees in <unk>🇪Germany more #wages', explains the minimum wage, among other things, is for general commitment, better working conditions and a right to education and training."
John Lewis chief urges Government to act on cost of living before summer
Each household to get £400 off energy bills under £15BILLION cost-of-living bailout
Homeless <unk> because of lack of affordable housing
Cost of living crisis is lead cause of anxiety in young adults
"PM must commit to low taxes or risk losing next election, says David Frost"
Should councils use their reserves to help ease the cost-of-living crisis?
The cost of living crisis is hitting some of the most vulnerable the hardest...
"If you are in Wiesbaden and are receiving social benefits, you can make yourself known."
Good news for cost of living Christmas
"Social pensions, child allowances and some other benefits will increase following the minimum wage"
The UK’s world beating minimum wage is not as good as it appears | Torsten Bell
Gilded Balloon – temporary jobs available
EEFCA: When are increased welfare benefits paid via
"Double Ukraine refugee host payments to aid cost of living, says minister"
"Cost of living: 'On me personally' if inflation isn't halved, says Rishi Sunak"
Rise in consumer confidence masks ‘stark reality’ of cost-of-living crisis
What's the minimum wage? Erdoğan: We will protect the minimum wage against price increases
Rishi Sunak issues cruel blow to millions in new Cost of Living package
Holiday spending surges in 2023 despite cost of living crisis
King Charles changes coronation plans to factor in Cost of Living crisis
Will household debt exacerbate the cost of living crisis?
City care boss warns 'people will die' during cost of living 'perfect storm'
Asda shoppers dramatically change behaviour at checkouts over cost of living
What's the new minimum wage?
#BREAKING IMF slightly raises its forecast for economic growth in the Eurozone this year but expects a shallow recession in Germany.
Students at University of Manchester on rent strike over cost of living crisis
Critical meeting for minimum wage started
SimpsonHaugh skyscrapers with no affordable housing approved
The Welfare Minister: New tools to fight poverty in 2024
Turkey announces 30% raise in midyear minimum wage hike
"The new minimum wage is 4,250 TL! President Erdoğan: Minimum wage increased by 50 percent."
It also means employment opportunities :grinning_face_with_big_eyes:
Pandemic and cost-of-living crisis ‘risk pushing people to the brink’
"Social benefits will increase by 1.6% in April, far from inflation, according to the associations."
Inflation in Austria is significantly higher than in the rest of the eurozone.
Second meeting on minimum wage today.
:blue_circle:Conservative leadership race: Tory rivals trade new blows over cost of living plans
The last-minute announcement on the minimum wage! The new minimum wage is calculated.
Nothing suggests the Tories have coherent policies designed to generate economic growth
Payment of tax: Benefits to be considered by taxpayers
"What will be the new minimum wage, what has been done with the minimum wage, what is the preparation now? Gulchin's superior will take care of the minimum wage with the education commissioner Cahit Sönmez. In a minute, TRT News..."
Calm before the storm for retailers as cost of living crisis escalates
"What are pencils that trade for minimum wage? Unemployment, retirement benefits, 65-year-old salary will go up"
Thousands living in fuel poverty in Hackney and Islington as cost of living crisis looms
The active welfare of the Cassa is a social resource to be protected
Restaurant could avoid affordable housing payments for Fishguard lets
Erdoğan: Minimum wage increase in July
Crunch time is coming for Boris Johnson and the cost-of-living crisis
Luxembourg has the highest minimum wage and Bulgaria has the lowest minimum wage.
Exempt company benefits and benefits up to EUR 800
UK ministers under pressure to ease impact of cost of living crisis
Disabled people take on the cost of living crisis – which is costing them more
Affordable housing and care home bid a 'win-win' for Sheringham
:pound_banknote: Market speculators have made a £5bn bet against the pound after cost of living fears sent the currency sliding to a two-year low
BBC licence free to be frozen until 2024 to cushion cost of living crisis
"#SONDURUM - Minimum wage declaration from TÜRK-İŞ... TÜRK-İŞ: The minimum wage should be supplemented by a share of welfare""."
Cost of living: £150 council tax rebate boosted by £40 for some areas
Thousands on Universal Credit won't get £650 cost-of-living payment due to loophole
Cost of living: BP announces annual profit of £23bn
Usdaw secures agreement with Tesco Bank on ‘cost of living’ pay increase
"UK economic growth to grind to a halt next year, OECD warns"
Attention to the minimum wage...
Germany's minimum wage
How long can we expect the cost of living crisis to last?
"May dates for DWP cost of living payments, benefits and pensions"
"Students in Wales to get £1,000 maintenance boost amid cost of living crisis"
"Cost of living crisis could affect renters, Martin Lewis warns"
Penny Appeal's Ridwana Wallace-Laher on cost of living crisis
‘Food banks saved my skin’ - On the front line of the cost of living crisis
Thousands won't get £650 Cost of Living payment due to unknown loophole
Millions eligible for new £200 cost of living payment
AUSTRALIA:  How Australia’s skyrocketing cost of living is pushing people into poverty-Guradian
European minimum wage
"All benefits, pension and cost of living payments coming in March"
"Minimum wage, EYT and tax language"
The court found that the minimum wage for skilled workers was contrary to the standard of living.
Cost of living crisis: are you missing out on help from your employer?
"Everything changed with the new minimum wage! AGI, unemployment benefits, seniority benefits, 65-year-old salary... we calculated them all one by one."
Why the cost of living squeeze won’t necessarily hurt the Tories | John Rentoul
It also covers the municipal excess expenditure related to the minimum wage and the guaranteed minimum wage increase.
‘Nonsense’ to say Labour has not been leading on cost of living – Starmer
Liz Truss brands Rishi Sunak doom-monger over cost-of-living crisis
Truss dismisses calls to discuss cost-of-living support with Sunak and Johnson
We tell you what tax benefits a person over 65 can receive :backhand_index_pointing_down_medium-light_skin_tone:
Knowledge: Minimum wage negotiations are ongoing
Children stressed and self-harming over UK cost of living crisis
When is the second cost of living payment due?
DWP announces £324 cost of living payment dates for remaining claimants
A minimum wage announcement from the AK Party! What's the minimum wage for 2023?
"The warning comes as Britain faces a growing cost-of-living crisis. 

Bailey said that the Bank’s rate-setters would take into account the drag of the cost of living on the economy when making decisions about interest rates in future"
Virgin Media O2 increases free data in response to rising cost of living
POLL: Should the Government provide more cost of living support?
Boris scrambles for cost-of-living crisis cures in brainstorming session with ministers
"The internship pay, 65-year-old pay, disability pay, senior benefits, GSS premium, unemployment pay... here's the new minimum wage! :backhand_index_pointing_down: <unk>"
Minimum wage response from Davutoğlu: 'Nigalism'
Second minimum wage interview today.
"New affordable scheme could help with the cost-of-living crisis at Fairview International School with early years and family discounts
#AD @FairviewBofA #Education #Primary #EarlyYears #IB"
Newry Chamber call for Government intervention with spiralling cost of living.
"Tax benefits, access to assisted reproduction and reconciliation, Ayuso's strategy for a 'baby boom' in Madrid"
Why the cost of living crisis is hitting women harder
Some social benefits are indexed according to real rather than predicted inflation.
"Government ‘can’t completely nullify’ soaring energy prices despite cost of living crisis, says minister"
Self-employment offers tax and social benefits to informal workers
"May dates for DWP cost of living payments, benefits and pensions"
Davutoğlu explained minimum wage proposals:
Minimum wage for the first meeting
#SONDAKIKIKA Triple summit for minimum wage...
A sharp slowdown in economic growth in the eurozone this month
Tell us: how are you affected by the cost of living crisis?
"Capita, one of Scotland's biggest employers breaks the law over failures to pay minimum wage"
UK inflation hits 10.1% amid cost of living crisis as recession looms
"One in 7 Britons skipping meals in cost of living crisis, says TUC"
"Cost of living: Tesco raises meal deal price, with even Clubcard customers paying more"
Purchasing power: pensions and social benefits revalued will increase (somewhat)
The parties met on minimum wage! TISK President from Akkol announced EYT and minimum wage
More people leaving restaurants without paying amid cost of living crisis
Builders warn of lack of affordable housing
"The first edition of the <unk> Morocco Investment Meeting and Entrepreneurship Meeting <unk>, 23-25 May 2023 in Paris"
"Well, for the standard of living?"
UK house prices hit record high but cost of living crisis likely to cool market
Cost of living crisis gets sticky for British Honey Company
"After the minimum wage, what's the minimum wage on January 3?"
Contributions to pension plans fall by 32% due to lower tax benefits
"Thousands of workers set for £2,000 cost of living bonus"
Economic growth in the euro area is significantly stronger than expected
How long can we expect the cost of living crisis to last?
"Cost of living: Benefits must rise in line with inflation, UN warns"
Martin Lewis trick to saving TV and broadband costs amid cost of living crisis
How do you determine the minimum wage? • Here is the minimum wage procedure in 5 questions
The Worldwide Cost of Living 2022 report by the Economist Intelligence Unit reports an average increase of 8.1% in 172 cities...
How to cope with the rising cost of living
Labour slams Boris Johnson for ‘understanding so little’ about the cost-of-living crisis
Minimum wage announcement from Minister Bilgin
Minimum wage negotiations begin
"Minimum wage, easy boomerang solution"
Should the minimum wage be adjusted to the cost of living in each territory?
MP warns against cost of living scams
Turkey's pioneering role in entrepreneurship with Enterprise Houses - by Filiz Bağcı DS Opinion
Tory MPs sound alarm over cost of living crisis as local elections loom
"Government support under Cost of Living Support is insufficient, experts warn"
International currency is lowering its forecast for global economic growth over the next year.
11 key announcements from Jeremy Hunt's Autumn statement including new cost of living payments
Entrepreneurship: 80% of the investment appropriations
Cost of living payment of £324 to be paid to millions this week
How to cope with the rising cost of living as energy price cap jumps
#SONDAKIKIKA The first step in the minimum wage has come... the Minimum Wage Review Commission will meet on June 13 to discuss the minimum wage interim rate.
Scottish government urged to double benefit to keep families afloat during cost-of-living crisis
":red_circle: Minimum wage, welfare share and official surcharge <unk> Cabinet's daily salaries"
Energy bills: E.on’s one-year fix sells out amid cost-of-living fears
Bruno Le Maire wants to remove tax benefits on fossil fuels <unk> as early as 2024 <unk>
Social benefits: Hartz IV becomes citizens' money: this is the amount to be paid
Cost of living crisis: How families are being hit hardest with 13% inflation
Cost of Living Crisis Hits Parliamentarians’ Pockets
UK public sector wages lag private sector as cost of living crisis bites
Cost-of-living crisis ‘increasing regional inequalities’
Ocado Retail enjoys record Christmas sales despite cost-of-living pressures
Minimum wage message from Demirtaş:
Is the cost-of-living crisis making it impossible to save for retirement?
One in 20 big businesses have offered workers a cost-of-living bonus
Employment opportunities in Antigua
Cost of living: Leap in card spending on fuel as prices hit new records daily
"40 per cent of the homes would be allocated for ""affordable"" housing, according to Persimmon Homes"
These could help a lot of people in the cost of living crisis #BeatTheSqueeze
"What is Jade Currency? Features, comments and price estimates"
Viral Twitter thread says inflation figures ‘ignore the reality’ of cost of living
The government wants to tighten the conditions for allowances and minimum social benefits
From today's minimum wage
The DWP has paused its latest cost of living payment.
Cost of living: How much does it cost to run an electric blanket?
Minimum wage is set
I'm going to get a new job! What's the minimum wage for 2023? Will the minimum wage be supplemented by a share of welfare?
UK house price growth slows as cost of living crisis starts to hit market
Pensions and social benefits will be delayed for a few days in January 2023
Ex-pub landlord named in list of companies who breached minimum wage law
"Türkiye remains steadfast in its commitment to enhance welfare and provide employment opportunities to each and every citizen, President Recep Tayyip Erdogan says in his Labour Day message"
Cost of living crisis: Glasgow cafe to shut 'with great sadness'
First announcement on minimum wage
The most important currency in the world is on a roll. But technology is about to change what it means to be a reserve currency—and undermine the greenback’s clout
Rise in rough sleeping in London ‘shows full impact of cost-of-living crisis’
Cost of Living review – Pulitzer prize winner lands on Broadway with a splash
#CANLI Minimum wage is announced
"Lloyds hands workers £1,000 bonus to ease cost-of-living worries"
Cost-of-living challenges ‘more severe than at any time since 1970s’
Cost of living: how to beat Australia’s soaring inflation and cut your everyday expenses
Economic growth for 2021 strongest for decades despite December Omicron hit
"End of the winter truce, recovery of unemployment benefits and social benefits: what changes on 1 April"
Tell us: share your experience of the cost of living crisis in the UK
The DPR called Putin's mandate on social benefits an important humanitarian step:
"Minimum wage is up 30 percent! The details came out! The new minimum wage is expected to be 11 thousand 58 liras, with a 30 percent increase in the welfare share."
"Employment opportunities are available in Cairo, Giza, Dhaka and"
Third of renters in Scotland struggled with rent before cost of living crisis
Fall in shoplifting crime in Derbyshire despite soaring cost of living
UK shoppers head to Aldi and Lidl amid cost of living squeeze
The National Social Insurance Fund has prepared a schedule for social benefits.
Top 30 ways Brits are saving money amid cost-of-living-crisis
Natwest announces new cost of living support for customers
Cost of living crisis is fuelling 'second major health emergency' after pandemic
Minimum wage bleeding wounds
Tallinn recommends that those affected by heat spending apply for social benefits
Cost of living ‘forcing shoppers to big chains due to lower prices’
"New affordable scheme could help with the cost-of-living crisis at Fairview International School with early years and family discounts
#AD @FairviewBofA #Education #Primary #EarlyYears #IB"
How the cost of living crisis can affect your health
Opinion: Hope is in short supply for young people over the cost of living crisis
Tories battered in Scotland as party loses 61 councillors over partygate and cost of living
Pub landlady starts OnlyFans to help with cost of living crisis
Cost of living protesters say 'tax the rich' and 'enough is enough'
How the deadly Bronx fire exposes layers of America’s affordable housing crisis
We'll index all pensions and social benefits.
TÜSİAD announces minimum wage expectation
SNP ministers urged to slash ScotRail fares to ease cost of living crisis
Families could get £100 in free cash as cost of living crisis bites
"Reducing carbon emissions will not harm economic growth, study finds"
A sign for the industry? High cost of living: #aldi raises the minimum wage to €14
President Erdoğan: We raise the minimum wage from 30 percent of the minimum wage we pay for summer internships to the minimum wage level from 2023
Council scraps overdue library fees during the cost of living crisis
"Cost-of-living crisis preventing women from fleeing abusive relationships, campaigners warn"
Sadiq Khan urges pensioners to claim benefit to fight against ‘spiralling cost of living’
Tell us: share your experience of the cost of living crisis in the UK
"Cost-of-living crisis already hits average household by £249 a month, says Nationwide"
Gove angers cost of living campaigners by ruling out emergency budget
DWP warning over eligibility of £900 cost of living payment
Trade unions unveil plan for £15 minimum wage as cost-of-living crisis bites
'It's insulting': GMB viewers slam 'patronising' cost of living crisis debate #GMB
:right_arrow: We tell you how you can get disability tax benefits
New minimum wage is announced
What's the new minimum wage?
Tory MPs sound alarm over cost of living crisis as local elections loom
Kate’s concern for mums during cost-of-living crisis
Labour's new council leaders pledge to take cost of living action within 100 days
February: Eurozone inflation rises to a new high of 5.8 percent
"Martin Lewis warns thousands of minimum wage workers could be owed £1,000s - here's how to check"
Myths about generous benefits mask the truth of Tory Britain: shamefully low taxes for the rich | Polly Toynbee
Eurozone inflation at its highest level in almost 10 years
Cost of living crisis in Southampton: Cafe manager speaks out
Demonstrators take to Manchester city centre streets over cost of living crisis
The Minimum Wage Tespit Commission is meeting today in the shadow of the currency.
Minimum wage increase on the agenda:
Minimum wage announced at KKTC
Animal welfare charity sees sharp increase of people giving up pets amid cost-of-living crisis
"Shoppers setting £30 limit for groceries amid cost of living crisis, Asda says"
CHP's recommendation for minimum wage
"Venice 78, Guzzanti: <unk>My documentary to think about other welfare models<unk>"
"Cost-of-living crisis could last for more than another year, energy boss says"
Would scrapping MOTs help ease the cost of living crisis?
Freeze for public transport fares in Northern Ireland amid cost of living crisis
Hisenda warns that Ferrovial may lose tax benefits if it moves its business outside Spain
Minimum wage declaration from AK Party:
This will create more affordable housing in Berlin
Education for entrepreneurship is organizing a workshop for entrepreneurship and innovation.
"Thus, the agreed upon minimum wage is about 3.85 times the value of minimum wage before the collapse, while market prices have multiplied by approximately 9.25 times since then.
./3"
Minimum wage negotiations begin... what's the minimum wage expectation? Social Security expert Hakan Özger has assessed in #AnaHaber.
The minimum wage has been suspended.
Primark makes promise to parents over prices amid cost of living crisis
Martin Lewis on ITV says calls for cost of living 'consumer strike' growing
Jobs available at new McDonald's in St Clears and the benefits are great #ad
PHILIPPINES: 'Why Naman?': The minimum wage has remained low since attacks on unions in the 2000s -Star
"In Ukraine, a coordinating headquarters was set up to provide citizens with pensions and social benefits"
Martin Lewis on ITV says calls for cost of living 'consumer strike' growing
"""There is a desperate need for affordable housing in Exeter as delivery has not been meeting demand."""
"“We’re seeing more people because of the cost-of-living crisis, definitely."""
The developer says the scheme will deliver much needed affordable housing
:red_circle: What does Rishi Sunak’s new cost-of-living support mean for your finances?
"Friday's front page: Anger at Sunak as cost of living crisis hits home 

#TomorrowsPapersToday"
:money_bag: |  Cost of living: UK firms are now giving one-off payments to lower earners
The minimum wage marathon starts tomorrow.
"Despite the cost of living crisis, people are digging deep"
Wakeford Claims Minimum Wage is 11p an Hour
How to spot cost of living support scams this autumn – according to an expert
Cost of living: 10 driving tips to make a tank of fuel last longer
ITV Martin Lewis issues plea to Rishi Sunak over cost of living crisis #martinlewis
'Deep Eurozone recession' warning: Fears of market collapse as currency in meltdown
A Chinese vision of free trade
Keir Starmer to pledge Labour will deliver £10 minimum wage
Minimum wage announcement from Minister Nebati
Editor’s Letter: War in Ukraine will inflame the cost of living crisis
"RBC Investments has compiled a digest of all tax benefits that will help investors save money, as well as government plans for new benefits"
Opinion: Rejoice! EasyJet has solved the cost of living crisis
"Even if benefits rise in line with inflation, it is still not fit for the current cost of living crisis

Full article :backhand_index_pointing_down::


#dwp #welfare"
Solar-powered pub uses renewable energy to beat cost-of-living crisis
"The Minimum Wage Commission will hold its first meeting in the framework of the work to determine the interim rate. The scheme will increase the 65-year-old's salary, unemployment pay, internship pay and social benefits. The minimum wage increase will cover the entire workforce. So what's the boost rate? Here's the answer."
"Cost of living one-off payment dates for people on certain benefits who qualify for support
#CostOfLivingCrisis"
"May dates for DWP cost of living payments, benefits and pensions"
Eurozone unemployment continues to decline
New minimum wage announcement! Signal to the millions! Here's all the news about the minimum wage...
Labour frontbencher quits after Keir Starmer orders him to oppose higher minimum wage
The Frankfurt investment consultant #Faros has appointed the experienced #fund manager Jens #Kummer as Chief Investment Officer.
Retirement and minimum wage
Trade unions are demanding more pace for affordable housing
Cheops Technology changed hands for €180 million
"""Many seaside resorts in Britain are short of affordable housing for both residents."""
King Charles heckled over cost of living crisis during visit to Cardiff
North Devon village getting new affordable housing
"Government on ‘war footing’ over cost of living crisis, minister claims"
"DWP confirms date 6m people on disability benefits will receive £150 cost of living payment next month
#CostOfLivingCrisis"
"Almost 25,000 online fundraising pages set up to help with cost-of-living crisis"
There's no minimum wage agreement... what's the minimum wage? Prof. Dr. #HaberBülteni commented on this.
CAP's new report on poverty details cost of living crisis
A quarter of English councils axe emergency help scheme amid cost of living crisis
Investment Bank expects strong economic growth
• What is the minimum wage?
"Ukraine launched the #AdvantageUkraine initiative to drive foreign investment. The initiative aims to show the vast capabilities of :Ukraine: in agriculture, technology, education etc. The  presents options for investments worth more than 400 billion dollars."
Tory leadership candidates clash over cost of living during second TV debate
Rishi Sunak announcement: Chancellor outlines further cost of living support - key points
Scott Morrison backtracks on minimum wage rises amid pressure on cost of living
Cost of living crisis: Inflation hits 40-year high of 9%
There are pleas to do something to help the cost of living crisis
KCC offers help in cost of living crisis
#Inflation in the #Eurozone rises to a record high of 5%.
"Thousands can claim emergency cost of living help worth up to £1,000 for bills"
:black_circle: A cost of living emergency :down_arrow:
DWP confirms no plans to provide additional cost of living cash support for people on disability benefits
Narendra Modi’s recipe for economic growth has brought Gautam Adani enormous success over the years. But the dish does not seem appetising enough to attract the desired level of investment
National Minimum Wage to rise TODAY - how much you will get
"1,900 affordable housing units to be built in Salzburg"
Social benefits: Child benefit increase for 2022: This is how much money there is for parents
"""We've got a minimum wage for everyone. It was reflected in the minimum wage"". He used his words."
Cost of living: Universal Credit claimants to get £650 support
Editorial: War and the cost of living crisis must not distract from climate targets
Inflation: Eurozone inflation falls for the third time in a row
‘It was an agreement’: Daniel Andrews’ affordable housing plans bulldozed by peak property group
National Grid profits rise to £3.4bn amid cost of living crisis
"Ilna from West Azerbaijan reports that the cost of renting a house, the cost of living, the cost of living, the cost of living, the cost of living, the cost of living, the cost of living, the cost of living, the cost of living, the cost of living, the cost of living, the cost of living, the cost of living, the cost of living, the cost of living, the cost of living, the cost of living, the cost of living, the cost of living, the cost of living, the cost of living, the cost of living, the cost of living, the cost of living, the cost of living, the cost of living, the cost of living, the cost of living, the cost of living, the cost of living, the cost of living, the cost of living, the cost of living, the cost of living, the cost of living, the cost of living, the cost of living, the cost of living, the cost of living, the cost of living, the cost of living, the cost of living, the cost of living, the cost of living, the cost of living, the cost of living, the cost of living and the living, of living."
